4482
8.9715
48.6785
10693
-72.9685
43.5685
10904
30.4875
59.9595
11722
5.7585
45.1785
12614
30.5175
50.4495
12721
-122.7115
45.4275
13018
2.2675
48.8215
13191
-122.1085
37.3875
15237
-64.3215
44.3805
15812
6.7775
51.2085
16923
2.2585
48.8285
18371
-77.0295
-12.1125
18943
15.6395
46.5585
19423
28.0485
45.4485
19474
11.2805
49.5095
19569
-1.4995
52.9415
20334
25.2785
54.6895
20715
8.7375
50.1195
20792
9.6915
48.7085
22131
17.3985
48.7275
22556
1.1695
43.2105
22585
14.6715
49.9995
22860
-73.7495
45.6775
23805
5.3575
51.7195
24010
6.2875
52.3775
24128
5.1385
51.4915
24196
10.7515
49.3105
24830
-0.4715
39.5175
27227
-77.2815
1.2105
27252
-9.2905
53.2485
27989
151.0815
-33.8285
28161
37.9205
55.9575
28202
-89.5625
45.4285
28886
8.6215
49.6305
29340
9.1295
51.5275
30063
30.3405
59.9585
30610
50.1975
53.2375
30777
13.4505
52.5505
31820
12.1385
54.0875
32773
21.0405
52.2385
32815
-73.5925
45.5295
32930
2.0385
48.7775
33623
12.4685
41.8285
33643
-121.4905
38.6485
33649
2.3195
48.8315
33669
7.7805
48.5715
33690
-71.5385
-33.0225
33703
-2.5925
51.4485
33733
-122.1215
37.4285
34005
9.6975
47.5695
34016
2.3375
48.8605
34767
9.5605
47.3805
50085
57.5515
-20.3505
50103
-122.2925
37.8285
50589
10.3915
55.3515
50605
16.4175
46.3695
50618
28.0175
-26.0785
51015
-105.1525
39.8495
51256
11.3995
50.9405
51491
37.4115
55.7575
51579
80.0405
13.1415
51660
-2.6495
53.4975
51700
151.2075
-33.7125
51749
-69.9605
18.4415
51838
8.7785
47.2515
51919
-57.5825
-25.2885
52175
-2.2295
53.4295
52894
4.4015
52.0095
52918
114.1175
-21.9285
52995
9.0515
48.3995
53002
10.1375
53.2285
53016
-71.6525
48.5305
53260
7.2505
47.1375
53344
-94.5105
38.9695
53525
-1.4815
53.3795
53646
5.7095
45.1905
53719
-105.2725
40.0115
53952
55.8895
54.5485
53969
65.3305
55.4415
54065
-78.3895
38.7695
54075
16.6405
57.7595
54175
69.2405
41.2995
54296
-81.7385
38.3505
54376
-4.1195
50.4205
54417
151.1975
-33.8295
54419
-3.5125
55.9715
54427
-1.4615
53.5605
54440
107.4595
11.2775
54487
-98.4885
29.5305
54495
-1.1785
50.6295
54507
24.4675
60.1305
55085
13.4515
52.4895
55255
-1.7705
52.0895
55282
55.4915
-20.9015
55415
103.8175
1.3495
55431
-80.6715
35.0775
55537
2.1685
41.3905
55570
-113.4795
53.6375
55737
170.5185
-45.8595
55846
59.9995
54.3705
10215
37.7175
55.7395
10605
7.4275
46.9395
11433
14.3685
50.0385
11950
3.0395
43.3275
12360
2.3005
48.7475
13911
6.1375
49.5875
16020
2.4285
48.8475
18534
21.1685
55.6795
19664
27.5905
47.1495
19789
25.2915
54.7215
19967
44.7305
41.7205
20028
-6.8615
53.2815
21720
-2.5015
52.8975
22800
-73.8325
42.6175
23450
23.7295
37.9775
24509
12.1475
55.6615
24972
-2.3995
53.6085
25616
12.4375
41.9005
25746
16.5795
49.2005
26855
29.7595
62.5995
27057
9.2295
52.9305
27110
9.2275
52.9275
27119
34.7375
32.0215
27636
-47.0615
-22.9095
28489
0.9515
47.4315
28512
5.3675
51.7085
28572
6.9005
52.7385
28623
8.2285
50.8285
28754
8.6795
51.8195
28961
16.4105
47.8875
29491
-4.1085
36.7775
29674
2.1205
50.7095
30899
10.0615
53.5515
31016
33.3575
35.1605
31622
17.1085
48.1485
31967
0.6805
47.3905
32234
-77.1815
38.9295
32594
9.0315
45.8295
32813
23.6875
37.9285
32965
10.6605
54.3195
33037
-97.8415
30.2005
33477
6.1305
48.6905
33495
-74.6585
40.5795
33528
12.1085
54.0915
34445
2.2995
48.8095
34635
14.3985
67.2995
50614
9.4875
51.2995
50655
18.0595
59.3195
50663
9.1305
48.7185
50693
25.0415
60.3185
50849
8.8195
47.2215
51021
-6.4515
53.3575
51320
7.2585
43.7175
51394
16.5215
48.0495
51467
34.7805
32.0905
51488
35.9015
31.9715
51816
-0.0925
51.5105
52257
31.0295
59.9405
52282
22.0715
53.1785
52296
-74.1585
39.9705
52299
5.7215
45.1715
52484
51.3915
35.7795
52729
8.2585
56.0915
52776
30.1305
49.8005
52964
-114.1395
51.1195
53015
11.3375
45.4095
53020
-9.1415
38.7175
53026
-8.6115
39.4805
53158
15.9395
45.8115
53229
1.9985
41.3015
53580
5.0615
47.2875
53606
-0.4325
49.1405
53708
32.7975
39.8915
53733
23.1385
60.6485
53781
1.3215
47.5875
54000
-1.0725
46.1475
54086
4.2715
51.9405
54146
82.9795
54.9905
54232
21.6985
60.8685
54334
-2.6515
50.9395
54402
11.3875
45.7185
54554
2.3495
48.8295
54938
-16.9415
32.6415
55291
37.5915
55.7875
55347
-95.4305
29.7005
55364
-3.5995
48.1395
55416
39.6175
52.5705
55422
38.0385
55.9185
55530
49.1285
55.7875
55580
0.9715
52.1875
55824
20.5085
54.7095
1000090
-0.0885
51.5075
1000166
3.0705
50.6305
1000176
-6.2595
53.3505
1000267
14.3905
50.1105
1000302
114.8875
40.7685
1000304
null
null
